3
6
+1
+3
+3
+3
+2
0
+1
7
+1
0 1
0 1
0
6
+1
+3
+6
+6
+6
+6
0
+5
+4
+3
0 1
0 1
0
+3
+3
+3

+3 .666
+2 .666
+4 .666
0
+3
+3
+2

+2 .666
+1 .666
+3 .666
0
6
7
+1

+1
3
+2
+1
+1
7
6
7 1.5


0 1
0
3
6
+1
+3
+2
+1
+2
+1
7
6
7
+1
6
0 1

0
3
6
+1
+3
+2
+1
+2
+1
7
6
7
+1 2

0
6
+#1
+3
+5 .75
+4 1.25
0
5
7
+2
+4 .75
+3 1.25
0
3
6
+1
+3
+2
+2
+3
+2
+1
7
6
7 1
0 1

0
3
6
+1
+3
+2
+1
+2
+1
7
6
7
+1
6
0 1

0
3
6
+1
+3
+2
+1
+2
+1
7
6
7
+1 2

0
6
+#1
+3
+5 .75
+4 1.25
0
5
7
+2
+4 .75
+3 1.25
0
3
6
+1
+3
+2
+2
+3
+2
+1
7
+1
6 2

0
+1
+1
+1
7
7
0
7
+2
+2
+1
7
+1
6
0 1

0
+1
+1
+1
7
7
0
7
+2
+2
+1
+4
+3 2

0
6
+#1
+3
+5 .75
+4 1.25

0
+6
+5
+4
+4 .75
+3 1.25
0
6
6
+3
+3
+2
+4
+3
+2
+1
7
+1
6 2

0
+6
+5
+4
+4 .75
+3 1.25
0
6
6
+3
+3
+2
+4
+3
+2
+1
7
+1
6 2