0 0.5
3 0.5
6 0.5
+1 0.5
+3 0.5
+3 0.5
+3 0.5
+2 0.5
0 0.5
+1 0.5
7 0.5
+1 0.5
0 1.0
0 1.0
0 0.5
6 0.5
+1 0.5
+3 0.5
+6 0.5
+6 0.5
+6 0.5
+6 0.5
0 0.5
+5 0.5
+4 0.5
+3 0.5
0 1.0
0 1.0
0 0.5
+3 0.5
+3 0.5
+3 0.5
+3 0.5
+2 0.5
0 0.5
+4 0.5
0 0.5
+3 0.5
+3 0.5
+2 0.5
+2 0.5
+1 0.5
0 0.5
+3 0.5
0 0.5
6 0.5
7 0.5
+1 0.5
+1 0.5
7 0.5
+2 0.5
+1 0.5
+1 0.5
7 0.5
6 0.5
7 0.5
7 2.0
0 0.5
-3 0.5
-6 0.5
1 0.5
3 0.5
2 0.5
1 0.5
2 0.5
1 0.5
-7 0.5
-6 0.5
-7 0.5
1 0.5
-6 0.5
0 1.0
0 0.5
-3 0.5
-6 0.5
1 0.5
3 0.5
2 0.5
1 0.5
2 0.5
1 0.5
-7 0.5
-6 0.5
-7 0.5
1 2.0
0 0.5
-6 0.5
#1 0.5
3 0.5
5 0.75
4 0.25
4 1.0
0 0.5
-5 0.5
-7 0.5
2 0.5
4 0.75
3 0.25
3 1.0
0 0.5
-3 0.5
-6 0.5
1 0.5
3 0.5
2 0.5
2 0.5
3 0.5
2 0.5
1 0.5
-7 0.5
-6 0.5
-7 2.0
0 0.5
-3 0.5
-6 0.5
1 0.5
3 0.5
2 0.5
1 0.5
2 0.5
1 0.5
-7 0.5
-6 0.5
-7 0.5
1 0.5
-6 0.5
0 1.0
0 0.5
-3 0.5
-6 0.5
1 0.5
3 0.5
2 0.5
1 0.5
2 0.5
1 0.5
-7 0.5
-6 0.5
-7 0.5
1 2.0
0 0.5
-6 0.5
1 0.5
3 0.5
5 0.75
4 0.25
4 1.0
0 0.5
-5 0.5
-7 0.5
2 0.5
4 0.75
3 0.25
3 1.0
0 0.5
-4 0.5
-6 0.5
1 0.5
3 0.5
2 0.5
2 0.5
3 0.5
2 0.5
1 0.5
-7 0.5
1 0.5
-6 2.0
0 0.5
1 0.5
1 0.5
1 0.5
-7 0.5
-7 0.5
0 0.5
-7 0.5
-7 0.5
2 0.5
1 0.5
-7 0.5
1 0.5
-6 0.5
0 1.0
0 0.5
1 0.5
1 0.5
1 0.5
-7 0.5
-7 0.5
0 0.5
-7 0.5
2 0.5
2 0.5
1 0.5
4 0.5
3 2.0
0 0.5
-6 0.5
#1 0.5
3 0.5
5 0.75
4 0.25
4 1.0
0 0.5
6 0.5
5 0.5
4 0.5
4 0.75
3 0.25
3 1.0
0 0.5
-4 0.5
-6 0.5
3 0.5
3 0.5
2 0.5
4 0.5
3 0.5
2 0.5
1 0.5
-7 0.5
1 0.5
-6 2.0
0 0.5
-6 0.5
#1 0.5
3 0.5
5 0.75
4 0.25
4 1.0
0 0.5
6 0.5
5 0.5
4 0.5
3 0.5
3 0.5
3 1.0
0 0.5
-4 0.5
-6 0.5
3 0.5
3 0.5
2 0.5
4 0.5
3 0.5
2 0.5
1 0.5
-7 0.5
1 0.5
-6 2.0
0 0.5
6 0.5
7 0.5
+1 0.5
+2 0.25
+1 0.125
+2 0.125
+1 0.25
7 0.25
+1 1.0
+1 0.5
3 0.5
+1 0.5
7 0.5
7 2.0
0 0.5
#5 0.5
6 0.5
7 0.5
+2 0.5
3 1.0
+2 0.25
+2 0.25
+1 0.25
7 0.5
3 0.5
#5 0.5
7 0.5
+4 0.5
+2 0.5
3 1.0
+3 0.5
+4 0.5
+3 0.5
+3 3.0
+6 0.5
+2 0.5
+4 0.5
+7 0.5
0 0.5
+6 0.5
0 0.5
+6 0.5
0 0.5
+1 0.5
0 0.5
+7 0.5
0 0.5
+6 0.5
+6 1.0
+#5 0.5
+3 0.5
+4 0.5
+3 0.5
3 1.0
+2 0.5
+3 0.5
+4 0.5
3 1.0
+#4 0.5
+5 0.5
+#5 0.5
+6 1.0
0 1.0
0 1.0
0 0.5
-3 0.25
-2 0.25
-3 0.5
-3 0.25
-2 0.25
-3 0.5
-3 0.25
-2 0.25
-3 0.25
-2 0.25
-3 0.5
-3 0.75
-3 0.25
-3 0.5
-3 0.5
-3 0.5
-3 0.25
-2 0.25
-3 0.25
-2 0.25
-3 0.5
-3 0.5
0 0.25
-3 0.25
-6 0.5
-3 0.5
-3 0.5
-3 0.25
-2 0.25
-3 0.25
-2 0.25
-3 0.5
-3 0.5
-3 0.25
-3 0.25
-3 0.25
-3 0.25
-3 0.25
-2 0.25
-3 0.25
-2 0.25
-3 0.25
-2 0.25
-3 0.5
-3 0.5
-3 0.5
-3 0.5
0 0.5
-4 0.5
-4 0.5
-2 0.5
-4 0.5
-2 0.5
-4 0.5
-5 0.5
-5 0.5
-3 0.5
-3 0.5
-1 0.5
-3 0.5
-1 0.5
-3 0.5
-3 0.5
-3 0.5
-2 0.25
-1 0.25
-2 0.5
-2 0.25
-1 0.25
-2 0.5
-2 0.25
-1 0.25
-2 0.5
-2 0.5
-3 0.5
-3 0.5
-3 1.0
-6 2.0
0 1.0
0 1.0
0 0.5
3 0.5
+1 0.5
7 0.5
7 1.0
7 0.5
6 0.25
#5 0.25
6 3.0
0 1.0
0 1.0
0 1.0
0 1.0
0 1.0
0 1.0
0 1.0
0 0.5
-6 0.5
#1 0.5
3 0.5
5 0.75
4 0.25
4 1.0
0 0.5
6 0.5
5 0.5
4 0.5
4 0.75
3 0.25
3 1.0
0 0.5
-4 0.5
-6 0.5
3 0.5
3 0.5
2 0.5
4 0.5
3 0.5
2 0.5
1 0.5
-7 0.5
1 0.5
-6 2.0
0 0.5
-6 0.5
#1 0.5
3 0.5
5 0.75
4 0.25
4 1.0
0 0.5
6 0.5
5 0.5
4 0.5
3 0.5
3 0.5
3 1.0
0 0.5
-3 0.5
-6 0.5
3 0.5
3 0.5
2 0.5
4 0.5
3 0.5
2 0.5
1 0.5
-7 0.5
1 0.5
-6 2.0
0 1.0
0 1.0
