1 2
5 1 
6 1
7 2
3 1
3 1
6 2
5 1
4 1
5 2
1 1
1 1

2 2
2 1
3 1
4 2
4 1
5 1
6 2
7 1
1 1
9 2
5 1
10 2
9 1
8 1
9 2
5 1
5 1
8 2
7 1
6 1
7 2
3 1
3 1
6 2
5 2
4 2
5 2
1 1
1 1
8 2
7 1
6 1
5 2
10 2
9 1
8 2
7 1
8 1
9 2
5 1
5 4
8 4
7 1
6 1
5 1
6 1
7 2
3 1
3 2
0 3

8 2
6 1
7 1
8 2
6 1
7 1

8 2
6 1
11 2
4 1
0 1
11 4
10 1
9 1
1 1
2 1

10 2
8 2
8 4
9 4
8 1
7 1
6 1
7 1

8 2
6 1
6 4

8 2
7 1
6 1
5 2
1 1
1 1

8 2
7 1
6 1
5 2
0 1
5 1
8 2
7 1
6 1
5 2
1 1 
1 1
5 2
6 1
7 1
8 4