-6 1.0
-6 0.75
-#5 0.25
-6 0.5
-3 1.0
-6 0.5
-7 1.0
-7 0.75
-6 0.25
-7 1.0
0 0.5
-7 0.5
1 1.0
1 0.75
2 0.25
3 0.5
1 1.0
2 0.5
3 1.0
3 0.75
2 0.25
3 2.0
3 1.0
3 0.75
2 0.25
3 0.5
-6 1.0
3 0.5
4 1.0
4 0.75
3 0.25
2 1.0
0 0.5
2 0.5
3 1.0
1 1.0
2 1.0
-7 0.75
-6 0.25
-#5 1.0
-#5 0.75
-6 0.25
-7 0.5
-3 1.5
-6 1.0
-6 0.75
-#5 0.25
-6 0.5
-3 1.0
-6 0.5
-7 1.0
-7 0.75
-6 0.25
-7 1.0
0 0.5
-7 0.5
1 1.0
1 0.75
2 0.25
3 0.5
1 1.0
2 0.5
3 1.0
3 0.75
2 0.25
3 2.0
3 1.0
3 0.75
2 0.25
3 0.5
-6 1.0
3 0.5
4 1.0
4 0.75
3 0.25
2 1.0
0 0.5
2 0.5
3 1.0
1 1.0
2 1.0
-7 0.75
-6 0.25
-#5 1.0
-#5 0.75
-6 0.25
-7 0.5
-3 1.5
6 1.0
6 0.75
#5 0.25
6 0.5
3 1.0
6 0.5
7 1.0
7 0.75
6 0.25
7 1.0
0 0.5
7 0.5
+1 1.0
+1 0.75
+2 0.25
+3 0.5
+1 1.0
+2 0.5
+3 1.0
+3 0.75
+2 0.25
+3 2.0
+3 1.0
+3 0.75
+2 0.25
+3 0.5
6 1.0
+3 0.5
+4 1.0
+4 0.75
+3 0.25
+2 1.0
0 0.5
+2 0.5
+3 1.0
+1 1.0
+2 1.0
7 0.75
6 0.25
#5 1.0
#5 0.75
6 0.25
7 0.5
3 1.5
6 1.0
6 0.75
#5 0.25
6 0.5
3 1.0
6 0.5
7 1.0
7 0.75
6 0.25
7 1.0
0 0.5
7 0.5
+1 1.0
+1 0.75
+2 0.25
+3 0.5
+1 1.0
+2 0.5
+3 1.0
+3 0.75
+2 0.25
+3 2.0
+3 1.0
+3 0.75
+2 0.25
+3 0.5
6 1.0
+3 0.5
+4 1.0
+4 0.75
+3 0.25
+2 1.0
0 0.5
+2 0.5
+3 1.0
+1 1.0
+2 1.0
7 0.75
6 0.25
#5 1.0
#5 0.75
6 0.25
7 0.5
3 1.5
-6 1.0
-6 1.0
-6 1.0
-6 1.0
-6 4.0
