5
+1 1
5 .75
6 .25
7 1
3 .75
3 .25
6 1
5 .75
4 .25
5 1
1 .75
1 .25

2 1
2 .75
3 .25
4 1
4 .75
5 .25
6 1

7 .75
+1 .25

+2 1.5
5

+3 1
+2 .75
+1 .25

+2 1
5 .75
5 .25
+1 1
7 .75
6 .25
7 1
3 .75
3 .25
6 1

5 .75
4 .25

5 1
1 .75
1 .25
+1 1
7 .75
6 .25
5 2
+3 2
+2 
+1 
7
+1
+2 1.5
5
5 2
+1 2

7
6
5
6
7 1.5
3 .5
3 1
0 1

+1 1
6 .75
7 .25

+1 1
6 .75
7 .25

+1 1
6 .75
1 .25

+4 1.5
0

+4 2
+3
+2
1 
2 
+3 1.5
+1 
+1 2

+2 2
+1
7
6
7
+1 1.5
6
6 2

+1 1
7
6
5 1
1 .75
1 .25
+1 1
7 .75
6 .25
5 1
0
5

5 2
6 1
7 1

+1 4
